-18.172926 0.739048
-27.052789 0.730444
10.003366 0.457250
-1.695024 0.854722
13.082797 0.449492
-26.825135 0.720366
14.385834 0.443912
-29.127030 0.727317
6.010862 0.552297
-13.824286 0.794074
7.209683 0.521143
-25.239556 0.725742
11.545920 0.451996
20.312366 0.492306
13.532224 0.447486
28.091441 0.541129
3.612087 0.674856
-8.915322 0.966179
-15.058933 0.768003
-8.884607 0.962501
-8.944628 0.961406
-23.999926 0.724354
-19.758595 0.728554
24.094253 0.502986
2.215485 0.802681
16.693931 0.460962
-20.956542 0.734488
20.015719 0.481116
-24.270663 0.731004
-18.337847 0.742185
5.106070 0.597454
-20.939840 0.744672
-21.606784 0.735403
-19.402728 0.736001
18.634304 0.471286
2.021474 0.837240
-19.567508 0.730005
11.556995 0.449058
-20.065677 0.732040
17.327475 0.471341
24.680038 0.504547
-18.556221 0.740293
-11.999239 0.853384
0.504636 0.992117
-24.977814 0.727842
16.758704 0.470537
0.035249 0.996417
18.203965 0.471432
-4.145133 1.001983
5.146652 0.594536
-4.336858 1.000731
24.681803 0.501327
29.500864 0.559900
-20.428538 0.726610
25.423240 0.516196
9.484790 0.467422
-19.655284 0.740901
24.440043 0.507754
15.504440 0.450984
-26.517462 0.736760
26.549302 0.521424
-3.310453 0.994395
26.162255 0.516171
12.480533 0.453560
-27.164517 0.721320
19.438646 0.478792
-19.671740 0.732308
15.372841 0.443572
-4.652495 0.998043
-2.696989 0.976080
2.053392 0.829251
13.395591 0.444731
11.931572 0.454799
21.688343 0.480453
-3.866132 1.007996
9.432764 0.463712
-25.209612 0.735563
23.846933 0.506293
12.939610 0.452098
23.765506 0.502055
2.052588 0.829191
21.998826 0.491994
-25.382845 0.733106
-24.363547 0.733232
-25.525244 0.726900
12.761956 0.444315
22.924679 0.500752
-25.878682 0.730204
26.060689 0.521044
3.904339 0.659170
21.006492 0.482756
25.419644 0.520458
-21.648412 0.731841
3.166998 0.712910
-12.665274 0.825364
16.770358 0.464382
-21.137317 0.731718
-7.677689 0.989014
-24.570026 0.737145
-15.181374 0.758987
5.022720 0.603332
-12.117730 0.852300
3.240991 0.708820
11.361213 0.453872
-8.713542 0.967520
-2.140386 0.916841
-8.760560 0.957380
-18.700085 0.735573
-16.734495 0.750192
18.680405 0.468192
27.118370 0.528452
22.029446 0.486526
5.128770 0.597536
24.722595 0.510806
-29.367774 0.726082
-13.682918 0.792432
-10.580587 0.915476
-2.133262 0.908872
14.773637 0.460981
27.637318 0.534625
-17.181273 0.752294
-18.054363 0.731797
-9.423031 0.946167
-3.249826 0.986622
0.280000 0.992941
-4.151120 0.995258
16.606102 0.458097
23.205565 0.495816
12.250681 0.442637
-6.649760 0.988779
-4.914128 1.004459
-8.886347 0.954021
6.777850 0.520579
10.540076 0.452267
-9.476232 0.945994
-27.653774 0.725937
24.821588 0.516986
-16.663963 0.750956
-13.317248 0.801164
1.932235 0.847830
7.095458 0.521267
22.647207 0.490860
-18.512748 0.738025
11.335766 0.450394
-21.364372 0.736308
29.562911 0.555105
-16.828402 0.745396
-5.682980 0.996418
19.146756 0.478640
21.444908 0.491313
-24.278117 0.732033
-13.520120 0.804360
3.130669 0.705268
-14.870048 0.774535
8.374833 0.483171
4.600687 0.619181
-7.172099 0.984524
0.569417 1.001553
24.081308 0.507135
11.192926 0.463658
15.357534 0.454136
14.811381 0.450508
-1.100972 0.963909
-1.113909 0.951676
23.426619 0.510232
17.154007 0.460640
22.095807 0.487505
24.151354 0.514006
4.405968 0.641098
25.202209 0.510119
21.173453 0.492869
23.690793 0.505888
12.210796 0.448036
-3.896194 0.998580
4.696371 0.612570
16.188809 0.468713
5.433235 0.580949
0.976600 0.984362
-0.936943 0.980984
23.658533 0.498248
-25.379383 0.730153
-8.084890 0.973615
22.271788 0.496313
19.723759 0.485957
29.533991 0.546070
4.002098 0.645319
2.055418 0.824072
4.053454 0.654808
-15.987778 0.756113
21.983812 0.481967
20.846405 0.481085
-27.227617 0.726628
14.174778 0.451519
19.449049 0.474058
-0.221351 0.995985
17.569029 0.464532
17.382585 0.469598
-14.536592 0.781643
-23.877011 0.724450
-3.973722 0.991252
-28.761784 0.730909
7.191719 0.520578
-22.799604 0.728093
6.142343 0.559816
-25.433125 0.724644
4.161475 0.650269
2.715815 0.740056
10.176047 0.463162
-4.756811 1.004320
23.225186 0.504315
27.153054 0.527847
-21.302120 0.731147
-1.837183 0.866090
-5.204056 0.989154
15.683031 0.459575
-24.319507 0.727958
-3.283586 0.987031
-27.081316 0.730339
19.686418 0.467824
24.100161 0.498095
21.418162 0.483703
-8.267507 0.981122
-26.765796 0.738236
11.598689 0.445924
15.968271 0.454677
-8.715340 0.969786
-16.107329 0.747465
10.835477 0.459699
13.760170 0.448717
-20.452060 0.730120
-10.613074 0.912984
-23.001172 0.728261
5.228407 0.582470
-9.199440 0.952024
-9.427143 0.950076
-1.631680 0.855564
-2.211372 0.928467
28.025401 0.541965
25.583175 0.515717
22.721037 0.502152
-14.733845 0.772166
14.387935 0.449605
0.643726 0.995907
-22.806831 0.737503
-12.819645 0.825617
-12.048527 0.854033
10.147489 0.460199
9.111399 0.477715
-5.273675 1.000456
-9.925133 0.944876
17.441376 0.467946
-4.282328 0.999751
15.792348 0.452724
10.481457 0.463048
15.295016 0.449247
-29.346700 0.732504
-26.096778 0.725852
-28.752584 0.727082
21.092856 0.487560
-3.368199 0.997199
24.355455 0.513623
-22.562646 0.732929
10.005050 0.475466
-6.224078 0.999660
-2.586811 0.976834
21.525024 0.489447
23.878540 0.508735
-20.128089 0.742244
1.823018 0.862172
-24.723678 0.729821
-22.219682 0.732829
-27.079087 0.727223
-6.833126 0.992406
-26.701780 0.730485
10.835508 0.453329
-2.970243 0.989396
-21.504849 0.738042
9.947422 0.455382
15.134885 0.459751
5.442456 0.581686
-2.333112 0.947576
-20.927099 0.738147
-7.646639 0.980304
26.443888 0.527161
-8.805251 0.962751
18.149964 0.472448
4.862019 0.604691
3.039681 0.724432
22.018148 0.485592
15.427238 0.459460
7.152402 0.528622
-27.692412 0.725788
-5.660928 1.003360
-16.711655 0.749669
-1.802087 0.866341
16.307591 0.454563
24.819344 0.509122
-5.181443 1.002136
23.018582 0.508179
19.777399 0.477094
-11.229901 0.878342
-11.746806 0.858210
-16.542725 0.754623
-21.176121 0.737403
16.472814 0.459474
-17.349268 0.744524
4.510499 0.630685
-12.594707 0.829889
-9.069123 0.950987
-21.713053 0.735977
-21.473493 0.740062
22.998898 0.488780
-24.341569 0.743703
-1.543913 0.868375
-12.106926 0.842641
-14.638904 0.776912
-2.969888 0.984147
-9.285988 0.951726
29.089736 0.543443
-19.110753 0.743370
28.971750 0.544226
19.830159 0.474396
9.639105 0.467276
1.483220 0.935939
-16.981613 0.754979
2.569428 0.764566
-1.929678 0.883339
13.514314 0.458919
-2.183327 0.926434
29.611289 0.545684
-29.035445 0.729938
17.035635 0.458782
15.590278 0.454651
-0.048676 0.991916
-29.750067 0.733089
6.889221 0.536527
-28.116259 0.734679
7.794407 0.498015
26.139317 0.516013
27.402513 0.533882
-29.637604 0.732382
-22.866627 0.724234
4.491145 0.629062
1.220474 0.962017
9.919403 0.455484
-16.303821 0.759820
-27.191415 0.724026
-5.594846 1.004959
17.622439 0.466165
-24.847963 0.733257
-3.308805 0.987858
25.586337 0.519229
-16.434511 0.758223
23.938350 0.504285
-21.465866 0.727351
-22.671712 0.733551
26.071035 0.522293
14.569680 0.459542
-17.335240 0.748436
-8.750569 0.958878
2.408011 0.778652
23.714983 0.512079
-15.813493 0.770404
-2.738153 0.981096
-15.295108 0.768323
20.452202 0.491193
-12.950418 0.812190
5.372350 0.583001
3.674397 0.681243
-1.041529 0.977165
25.404549 0.523561
17.095430 0.457421
-25.174247 0.729616
-2.748679 0.974077
-13.564358 0.808063
9.895344 0.464067
8.019690 0.483954
-24.115764 0.724668
-6.257361 0.990652
-20.348726 0.736812
28.258912 0.544670
27.462948 0.530482
-6.497958 0.994927
-4.650626 0.995742
21.424123 0.488538
-24.063990 0.731848
-19.325999 0.737730
-3.232367 0.988875
-5.233416 1.004792
3.491154 0.680047
-12.912909 0.815807
-3.420956 0.990051
15.001546 0.449942
8.383888 0.479537
20.602126 0.484092
28.754804 0.553910
19.792378 0.477062
14.644261 0.460411
-25.146483 0.729548
-22.234494 0.730201
20.219015 0.473321
-18.682901 0.730428
1.470924 0.924375
26.062190 0.516780
-14.595710 0.776804
24.421453 0.513509
22.436282 0.492450
-12.324974 0.840987
-13.379005 0.805466
-1.364003 0.906824
-8.456416 0.974279
15.151563 0.448537
-11.454269 0.869767
11.934020 0.444739
0.124635 0.997930
-17.718960 0.743547
13.942086 0.452692
-12.430450 0.830812
2.080588 0.825183
-19.544405 0.732576
-13.315586 0.812804
1.461277 0.939073
10.855438 0.458631
-26.584759 0.722378
21.660737 0.487499
-3.724584 0.992663
21.133782 0.481980
17.760604 0.465301
26.759684 0.528180
28.769629 0.539868
15.775552 0.452168
-8.687869 0.971827
-18.463796 0.746753
14.343908 0.451803
-28.197309 0.726432
15.872748 0.459235
-24.475310 0.726614
-0.978994 0.983864
-0.452480 0.997364
-25.811033 0.722338
27.376988 0.532052
23.479080 0.499008
-10.260261 0.914861
23.250410 0.493989
-24.983551 0.725639
3.193224 0.714036
25.470281 0.513050
-12.163909 0.851797
12.818467 0.447064
3.055624 0.720569
-17.650491 0.747182
15.111555 0.458260
-23.431486 0.730710
-26.504542 0.740481
-14.098644 0.778473
4.555345 0.631206
27.594815 0.541292
-9.424757 0.944154
-1.610528 0.862900
10.546915 0.462276
-15.375273 0.759572
-1.600964 0.868746
-0.245052 0.994387
-28.389595 0.721830
-14.699976 0.772532
23.282204 0.500112
26.296168 0.524847
-10.511897 0.917245
-29.516340 0.723957
-18.208143 0.736561
-1.528414 0.867136
-16.435071 0.748191
-0.074207 1.006897
-7.528959 0.992046
1.880412 0.854046
16.370916 0.457382
15.231174 0.460924
-14.600412 0.783947
-2.535520 0.975963
-0.591032 0.992794
5.313482 0.587947
10.337967 0.450700
25.929284 0.518501
-16.731612 0.746726
15.547851 0.451401
-27.204606 0.731682
0.931023 0.996044
-28.571910 0.731300
10.125098 0.463313
-2.698448 0.980075
-23.183874 0.731070
0.475186 0.998251
-21.101456 0.731854
15.192034 0.454781
-13.531372 0.809344
-16.696983 0.744359
18.039169 0.480009
-26.390125 0.730822
7.550439 0.506626
-18.081085 0.749393
27.506977 0.531236
-27.592835 0.727202
-16.471077 0.753003
4.522503 0.620432
14.008735 0.444237
25.244287 0.518427
-10.641765 0.916400
-5.949190 0.998017
28.922770 0.552737
25.983354 0.519120
8.918340 0.470244
-23.486691 0.734861
17.022914 0.465244
-29.267981 0.724556
9.528943 0.468660
-19.642933 0.739006
-15.225195 0.766414
8.788244 0.473908
12.139590 0.452714
-14.743145 0.771142
-8.424274 0.977276
-25.333984 0.723315
24.480286 0.513175
-4.453502 1.008122
-2.717242 0.979564
10.169688 0.463438
21.285767 0.487774
-26.425955 0.743214
10.366270 0.458771
-20.277545 0.730090
29.382895 0.552756
21.646938 0.495015
-27.854805 0.723740
10.182895 0.468277
-12.769686 0.826247
0.165837 0.999772
-3.112139 0.994175
-25.314508 0.728225
22.509264 0.497205
-26.455239 0.733800
29.771164 0.550378
5.848625 0.569894
24.327884 0.517596
-4.547948 0.990861
-3.202579 0.986058
17.663330 0.468297
-21.347025 0.733556
9.641014 0.464193
15.838301 0.454373
3.347949 0.696316
-5.756157 1.003228
-8.877601 0.958604
27.236145 0.526506
-6.866595 1.003589
-28.919165 0.726411
0.811031 0.994034
0.214843 0.993696
-12.551400 0.830818
-11.122778 0.888602
22.791140 0.498486
11.760515 0.453703
-10.542227 0.909638
-6.571185 0.989591
-21.987728 0.731595
-24.210443 0.724633
-2.981687 0.986443
-20.314506 0.736356
-5.977297 0.994369
2.063585 0.819926
-22.696223 0.735162
24.964836 0.518504
5.881224 0.564786
9.021854 0.478411
29.703644 0.554529
-7.292315 0.985264
-29.722651 0.733343
-12.651564 0.827625
16.831298 0.453962
2.505858 0.777320
26.781379 0.528754
8.251380 0.485026
-19.753250 0.733244
-6.985436 0.996149
21.654402 0.497553
19.641528 0.473796
25.211086 0.516162
17.399716 0.461412
-4.373368 0.996526
-1.117636 0.955485
20.311440 0.481044
-19.457240 0.734458
-23.992671 0.731120
-19.244350 0.737488
-9.718501 0.939037
22.467742 0.497258
19.012325 0.466980
-11.753404 0.872143
-28.831525 0.734546
16.889721 0.459408
16.350307 0.455330
25.319769 0.520212
-24.907622 0.729445
-21.988223 0.733895
10.381721 0.468775
1.368091 0.948101
23.847408 0.504589
9.667542 0.469171
-13.365046 0.805814
4.566662 0.632533
-16.464707 0.752960
7.098180 0.519945
-0.068699 1.004095
4.023703 0.650928
24.699536 0.517318
-18.597479 0.737957
18.286469 0.478192
-10.575494 0.908375
0.680304 0.986790
19.548414 0.483161
-11.728480 0.865011
26.485320 0.524854
4.680363 0.629226
22.759380 0.503987
-1.795209 0.873427
28.648407 0.542229
-13.703097 0.795143
-8.105703 0.978364
6.601826 0.538365
-4.921946 0.998002
5.664116 0.575270
22.886803 0.494044
-8.892175 0.976868
6.696349 0.536658
-21.052650 0.736215
2.472230 0.768177
4.656504 0.624855
20.755663 0.496546
24.402314 0.503618
-7.296373 0.985307
-26.505226 0.729817
17.630757 0.455249
8.611315 0.472190
23.561708 0.500216
22.514398 0.501745
24.980828 0.517121
-9.259444 0.952881
-21.253202 0.733840
12.138838 0.454062
25.052111 0.522040
-13.330724 0.796159
16.084971 0.453762
12.059002 0.448676
0.041394 0.996813
-8.754022 0.958103
-2.538565 0.962729
-27.450272 0.723281
8.188331 0.489441
-22.678644 0.737797
5.007093 0.594978
-29.762875 0.731418
-28.840552 0.736135
-7.079871 0.991450
1.865393 0.861783
-24.625868 0.727025
14.163149 0.438988
0.208099 1.002067
21.864933 0.483151
-17.418865 0.740548
-21.961905 0.736784
22.237534 0.498955
8.406668 0.489349
10.268475 0.450116
-20.486903 0.743530
-11.351555 0.876229
22.604779 0.496417
-2.656702 0.964957
8.797057 0.477660
4.964618 0.607077
26.934073 0.534170
-20.678041 0.725600
4.396699 0.630689
4.591469 0.627001
9.056646 0.479392
-5.698354 0.998912
24.738710 0.509456
28.228850 0.536243
-22.741111 0.727256
-4.943584 1.006894
-17.347342 0.740617
18.289200 0.462229
-16.813282 0.746853
-3.698140 0.997333
25.804577 0.527353
-22.367295 0.730511
-15.368470 0.766525
-18.651011 0.736888
8.508642 0.485690
14.626635 0.451746
-4.430210 1.001576
-8.201547 0.974469
6.792003 0.540321
8.799836 0.469959
-26.465273 0.731679
-22.876420 0.726725
26.327079 0.516838
-25.300983 0.728219
4.989599 0.611961
3.162952 0.706398
-8.285363 0.971494
-26.995021 0.730868
-15.031150 0.767969
10.915374 0.466733
19.124787 0.471743
5.961067 0.549606
6.119303 0.555726
3.614555 0.679605
13.832607 0.460903
-0.627782 1.000224
26.751372 0.524615
22.804567 0.501316
-3.883804 0.989558
-1.645188 0.864941
-15.827804 0.760281
3.818900 0.665113
18.372229 0.464454
0.052030 0.995782
16.206036 0.456877
22.121353 0.487926
29.178243 0.544198
-2.958856 0.997876
8.014297 0.488044
6.518818 0.542603
-6.519943 0.993493
-10.396713 0.919683
-13.164395 0.814334
21.048921 0.484283
-23.106252 0.730063
-21.825729 0.734751
12.644204 0.451539
21.127499 0.484385
0.737747 0.991459
-3.597884 0.991448
23.955271 0.505419
-7.531965 0.982389
12.219085 0.447582
-16.528123 0.756395
-20.643502 0.735439
-27.851867 0.733038
14.897105 0.443727
5.305698 0.586100
10.408866 0.455103
-27.711841 0.726370
1.292693 0.955001
11.997260 0.453777
4.308479 0.635359
-8.416361 0.975573
-10.148208 0.925117
8.532658 0.485673
14.499068 0.442353
-18.750504 0.737245
-9.470992 0.952364
12.296888 0.444951
-2.147474 0.909804
14.133107 0.455815
-25.865482 0.724225
4.234562 0.639317
22.302286 0.499307
12.576931 0.446346
-6.447595 0.992893
28.272979 0.539431
9.369416 0.470192
-15.343179 0.764637
22.511798 0.495465
4.312460 0.644629
11.327371 0.448844
9.945195 0.459137
5.061873 0.596553
25.506755 0.526292
-19.519039 0.736493
0.739287 0.991802
-4.619085 1.003703
12.549553 0.455045
-18.394937 0.732647
-10.771640 0.908368
-25.841496 0.740887
-3.050772 0.984634
23.115336 0.501075
-22.242590 0.730834
-26.788144 0.727289
16.968170 0.463220
-27.352405 0.733142
25.536168 0.512863
20.563645 0.486325
-4.750505 0.990472
6.468792 0.538695
11.248752 0.452700
-6.532169 0.991954
15.585678 0.458588
-9.901277 0.932907
-0.868553 0.987840
-11.434005 0.877067
-21.827361 0.732938
-15.520116 0.767366
28.775489 0.534438
-20.893954 0.733828
-15.241207 0.767393
-9.946979 0.933247
2.449502 0.782251
-4.873851 0.991454
-21.751327 0.733491
-20.444121 0.739719
-13.431480 0.792015
-15.324768 0.762009
-8.093764 0.973718
-1.707394 0.865626
12.421403 0.446564
22.599226 0.498052
-27.704039 0.733732
26.412917 0.520259
20.838246 0.487263
15.536875 0.458337
-21.561732 0.733643
-19.167430 0.731794
24.980036 0.513691
20.834572 0.486551
-16.475829 0.756105
3.445087 0.691723
8.164379 0.504101
-21.164571 0.735193
26.484907 0.521450
-13.758999 0.794509
3.444936 0.680801
22.080225 0.488993
23.163583 0.498678
5.193295 0.589004
16.176005 0.449677
11.288445 0.455732
-3.915328 0.987611
14.467579 0.456543
-21.512302 0.736636
10.027318 0.457465
6.410178 0.535297
-14.376402 0.773110
13.790419 0.453177
-7.863435 0.984317
5.855688 0.561265
-0.074674 0.996259
-13.934959 0.797922
24.047064 0.511437
22.232203 0.486013
15.898592 0.456037
23.751069 0.503400
27.619656 0.538743
-13.597599 0.816038
14.922000 0.446422
8.011066 0.500509
-3.025614 0.995738
-11.877789 0.862581
-6.461567 0.993153
-15.846469 0.756638
-2.591021 0.976565
-27.456190 0.733580
18.625183 0.472566
0.810263 0.990767
28.630702 0.546178
3.085618 0.715438
-2.351429 0.944620
11.100358 0.450384
-7.987910 0.987869
-9.074334 0.961733
-4.948641 1.006338
4.411748 0.641496
18.427618 0.467189
15.547975 0.456112
-29.709670 0.724480
-1.364389 0.907096
-1.845813 0.876146
24.242762 0.510637
-12.506890 0.826937
3.688620 0.675508
28.570031 0.544363
24.356489 0.508712
11.897347 0.461986
0.871560 0.980206
10.924152 0.451608
-2.070721 0.902089
-18.463935 0.735201
4.289633 0.627792
4.200728 0.644576
-7.500611 0.980653
-23.138111 0.731243
27.624420 0.539364
20.596265 0.476150
14.793346 0.451977
-18.004642 0.747097
20.719785 0.476922
-28.547489 0.722471
3.506708 0.688366
16.771818 0.456828
29.479817 0.551084
-27.649512 0.739947
-10.080346 0.923277
-3.237676 0.998873
-6.835328 0.994979
8.813036 0.488033
-26.486448 0.721158
-1.774167 0.861219
-3.308301 0.988834
2.234237 0.799121
9.057074 0.479241
25.829323 0.515986
11.914666 0.459949
-24.290642 0.731745
-24.091897 0.726890
1.573147 0.909225
-16.763838 0.752261
-19.486534 0.738560
-23.448440 0.741163
-11.147031 0.884794
-17.490875 0.740673
17.108792 0.462926
-24.627444 0.740298
2.019577 0.830565
-29.501820 0.739464
20.354407 0.484889
-18.079450 0.750570
-29.939617 0.725114
-0.448029 0.991518
21.162410 0.485419
0.070981 0.998229
-15.958482 0.752210
23.463806 0.500254
-25.872134 0.730885
16.372040 0.458697
9.621438 0.472572
27.970176 0.546375
29.124880 0.536455
5.344441 0.587644
25.650100 0.513482
-0.744436 0.991986
-2.028370 0.899347
22.100844 0.494589
-0.746381 0.989913
14.295291 0.450100
-22.684106 0.737977
16.973542 0.459567
-2.273616 0.931959
-3.120434 0.989371
-5.759909 1.001800
10.089538 0.465060
-20.416032 0.736784
-6.907745 1.000428
10.691367 0.461763
-24.634441 0.718682
17.354235 0.466631
-0.505182 0.997374
-5.289412 0.996620
18.324105 0.471288
27.816131 0.534041
10.392603 0.458540
-23.195643 0.730873
29.149730 0.553512
23.064603 0.494939
-16.947796 0.745464
-24.212220 0.735152
-28.342558 0.726892
24.331326 0.505384
22.420021 0.498406
-8.775275 0.973657
12.127459 0.451470
12.883098 0.455041
6.236732 0.547885
-12.689487 0.824982
22.868303 0.493369
1.583086 0.907010
18.852136 0.469213
19.064443 0.469119
-15.239122 0.753064
-9.159612 0.952727
-10.383097 0.914507
-25.474320 0.731959
-12.942865 0.811911
3.931699 0.656571
8.903836 0.476865
-19.885864 0.731342
-0.991816 0.978547
-23.136094 0.733179
-6.209261 0.992836
-26.557738 0.722190
-11.331002 0.891576
21.716162 0.487119
-0.501506 0.994934
16.208132 0.460780
-14.879145 0.768421
8.624179 0.485811
1.629304 0.900363
-4.864767 0.993721
-8.394616 0.976104
5.340154 0.596509
-2.590110 0.970907
-3.652497 1.003318
-29.876515 0.728821
-5.404079 1.003719
4.074286 0.651216
14.514547 0.452254
14.479655 0.454693
-7.184535 0.991735
16.312081 0.450621
-14.555838 0.783400
-22.153510 0.724642
-27.826834 0.732557
13.290849 0.447195
8.836052 0.478893
20.050181 0.472848
0.412326 0.998520
-17.836225 0.738061
13.912902 0.446057
-7.301580 0.986582
23.406584 0.499695
-4.452236 0.998879
24.786155 0.501227
7.716431 0.501306
26.227286 0.519293
-22.028928 0.736176
-8.095956 0.981602
11.189013 0.455269
29.870236 0.556764
-16.056784 0.750778
-7.485528 0.984174
12.529281 0.447358
-26.805194 0.725530
4.271801 0.636884
-1.424746 0.890964
21.173454 0.498698
-8.796525 0.974843
-20.042879 0.727580
1.771469 0.880353
-9.369199 0.948240
-3.959288 0.995317
-25.932692 0.732643
-25.634523 0.730314
-21.238965 0.734720
-29.288366 0.730856
6.970195 0.518252
7.356850 0.516291
3.155957 0.714536
-9.914846 0.944885
-8.174252 0.980054
14.473377 0.452650
15.798575 0.461678
7.202301 0.521865
-5.913244 0.992916
13.490888 0.449919
9.063227 0.465187
2.880944 0.733376
-8.733798 0.969178
5.783685 0.563359
-13.931508 0.795688
6.319913 0.546177
-6.152079 1.004281
15.502346 0.456451
17.199195 0.458552
-6.343477 0.994152
-14.361518 0.776995
-9.889848 0.935203
-26.876162 0.725504
-1.182959 0.946076
-22.159433 0.735057
17.478266 0.465818
-4.950122 0.992950
-23.037868 0.726466
16.975873 0.464080
-0.030947 1.006199
-9.928890 0.936152
14.700001 0.462373
15.840650 0.444600
-15.243817 0.762411
12.793976 0.446698
24.225472 0.519485
-28.585204 0.727592
11.411917 0.450265
-26.780746 0.725751
4.626309 0.621837
12.522211 0.454084
9.674545 0.465730
20.061582 0.475448
16.884367 0.458200
-17.519952 0.752325
-18.884968 0.732935
-13.026564 0.816285
-2.176718 0.925525
-21.194933 0.730718
10.863860 0.453767
3.538560 0.678467
13.275779 0.459158
6.264359 0.558392
-5.060183 1.003415
-28.092810 0.723373
-11.481422 0.869095
-14.141213 0.791153
-26.536818 0.731829
-19.228408 0.731406
6.873155 0.527251
27.452762 0.534711
7.991156 0.493535
5.709836 0.567849
15.813314 0.451992
17.548877 0.467130
-14.320783 0.780232
-23.098033 0.739165
7.327680 0.507798
23.369633 0.495722
-25.937943 0.736806
-11.712119 0.865972
6.871895 0.534723
-10.437455 0.914380
-4.666674 0.994820
6.924091 0.524538
-2.923487 0.997018
-19.894118 0.740193
0.919084 0.985179
0.955899 0.998309
25.474480 0.520082
-27.340955 0.733036
-19.349555 0.740684
27.535037 0.531722
9.964973 0.460010
-3.904924 0.987243
-25.135536 0.733927
27.312849 0.519076
-8.098902 0.983870
-19.670942 0.736598
-21.072395 0.738274
-28.971432 0.722475
10.778756 0.455404
6.041819 0.562355
-20.362792 0.731799
12.094432 0.454930
-28.523506 0.727235
-23.952786 0.723445
29.803018 0.560317
19.486672 0.471113
-22.973285 0.730304
12.281950 0.446053
-3.278304 0.995711
24.693736 0.507514
6.872973 0.527529
-10.004514 0.931189
20.065741 0.476217
0.091824 0.996158
-22.205387 0.729746
-26.348065 0.726872
-3.070905 1.004443
9.314931 0.475245
-13.619632 0.795184
0.226564 1.001208
12.535490 0.450738
1.886107 0.855643
1.748091 0.879174
-17.604848 0.737628
-19.831972 0.729263
18.709861 0.467803
-20.268683 0.734920
26.818482 0.528425
27.312706 0.529183
11.474409 0.455344
20.834277 0.476517
-6.461474 0.983657
29.623360 0.553257
4.538708 0.625198
25.258148 0.517066
1.858888 0.857944
-11.269326 0.885659
4.976649 0.608584
9.118759 0.474205
20.200750 0.480313
10.016587 0.465508
-3.768237 1.002358
-1.478245 0.875951
13.906608 0.457942
9.633730 0.463639
15.759267 0.446445
-27.564705 0.737822
13.290761 0.439701
5.153555 0.604094
12.355351 0.450473
-28.833454 0.728633
-20.441132 0.731274
-22.002932 0.736704
29.449254 0.545023
11.131004 0.457065
-5.392501 0.998340
-5.444243 1.000495
7.765976 0.496947
2.296382 0.784937
3.713795 0.670343
27.425228 0.528212
12.991978 0.452761
-10.950890 0.899416
-20.343027 0.730362
18.770448 0.466129
-9.402220 0.949998
-18.083327 0.736709
-26.581970 0.733464
9.368953 0.470941
-0.921926 0.987555
7.662545 0.510131
5.599028 0.577885
-1.031416 0.973885
-1.465922 0.882714
0.686964 0.994590
7.195973 0.523037
-3.078134 0.979517
13.503799 0.437719
-27.511217 0.726699
-3.296955 0.996345
14.328096 0.457727
1.576231 0.909896
-10.278821 0.920674
-23.613340 0.724870
-23.702435 0.726625
2.684483 0.751043
14.651969 0.443967
-21.717857 0.726872
7.694238 0.497874
-25.440897 0.727265
3.791840 0.660428
13.755178 0.455584
-1.845212 0.870512
-23.019125 0.730356
19.373968 0.461724
-27.442705 0.736005
-12.481782 0.837363
-23.336708 0.737260
-23.565993 0.731236
-5.735018 0.987190
13.995674 0.449480
-6.847892 0.992937
28.050892 0.535652
20.493570 0.479348
27.983255 0.529239
20.735648 0.488826
-8.473417 0.970353
-1.457832 0.887349
-2.324631 0.947496
-28.413077 0.731214
-28.102177 0.727538
8.064570 0.497258
-14.057787 0.786614
-3.527725 0.999401
-6.378283 0.991953
7.552699 0.511691
9.627019 0.460910
4.501705 0.625596
14.500007 0.460538
10.398084 0.459119
-10.253610 0.924017
-24.971138 0.726297
25.586441 0.512588
20.505547 0.475436
-4.039217 0.992583
8.282025 0.474364
-17.634408 0.741842
5.485833 0.580650
1.740986 0.877985
5.357655 0.583852
0.214960 0.990029
-15.166932 0.763821
1.038526 0.985584
29.719472 0.559727
22.605456 0.491406
-21.053755 0.733910
12.050996 0.461291
-23.922266 0.731607
-18.259781 0.739957
-9.312116 0.965012
12.130614 0.456535
-12.554910 0.839016
1.505709 0.917908
7.176237 0.512260
-6.498424 0.996157
23.547233 0.500730
26.936814 0.526902
-29.416162 0.744951
-19.031081 0.735563
-5.100841 0.995404
11.339726 0.453976
-20.780700 0.729942
0.818276 0.995924
25.035563 0.508661
13.614720 0.460963
12.883430 0.441472
-17.396101 0.746131
27.144295 0.528246
3.009054 0.729913
-5.150834 1.002542
0.810814 0.991313
10.050189 0.459929
-26.245595 0.717955
-28.634005 0.742184
-13.011345 0.816569
15.083324 0.454210
8.353223 0.475025
-26.127606 0.732006
-12.473533 0.839728
-23.739364 0.726987
5.054636 0.607254
-5.399642 1.001280
16.658919 0.462661
-20.864249 0.735590
-21.770788 0.736951
-10.429640 0.913399
-23.635398 0.724639
26.873663 0.521238
27.407094 0.535278
-23.125055 0.736223
19.747959 0.477128
-24.174665 0.726282
-2.425990 0.955085
5.866948 0.565283
-17.004613 0.751211
19.226969 0.469467
-5.671143 1.000636
-4.011299 0.996485
28.205729 0.544173
-2.906330 0.999375
11.290559 0.452629
27.402490 0.536784
-18.092177 0.732294
-22.659040 0.732207
-2.216569 0.929875
5.656252 0.579320
-7.683549 0.990261
-16.770354 0.742414
9.519051 0.474032
29.640893 0.555099
8.268537 0.498409
18.019578 0.463703
15.523287 0.455783
-2.886930 0.981214
-6.181478 0.998525
-0.017955 1.002217
15.738477 0.447494
-3.371181 1.004221
-21.905553 0.739244
-21.867692 0.737191
1.356321 0.940847
13.296602 0.460108
29.564563 0.558717
-2.953241 0.983743
16.296036 0.465922
-3.260911 0.990459
25.302085 0.520597
23.437837 0.498854
16.763055 0.464808
8.455573 0.476827
-6.608028 0.984482
7.406187 0.513854
-19.600669 0.730801
-12.506857 0.833636
-6.223527 0.988325
-1.637327 0.856137
6.395177 0.557114
-14.577939 0.779478
-2.835707 0.988839
-15.084633 0.763852
-10.727529 0.896787
-22.165937 0.738042
15.103526 0.451769
15.168531 0.458111
-27.577685 0.721725
22.603901 0.496765
20.460786 0.479928
-4.037956 0.993074
-25.607856 0.735107
25.962112 0.521372
-12.879035 0.829255
-23.153413 0.727639
-14.085008 0.794671
12.279667 0.444818
-21.607422 0.744233
22.275891 0.491074
16.038106 0.457182
-13.272701 0.811980
18.361809 0.463146
26.155858 0.522724
4.390132 0.637734
-0.202329 1.000446
-3.712677 0.975935
10.321697 0.460964
20.237252 0.476341
-13.803388 0.794853
-12.581992 0.829657
-11.008916 0.896903
16.755185 0.461318
13.912954 0.441336
14.186216 0.459745
-24.861432 0.724843
24.331553 0.501319
28.398490 0.541617
16.498543 0.457902
14.740916 0.442306
-1.836598 0.859960
-8.248561 0.979087
20.573471 0.479858
-9.332999 0.952686
18.150713 0.466764
-14.496953 0.781924
9.024969 0.470729
-4.845945 0.994377
0.874824 0.997993
25.261301 0.514172
16.079076 0.457346
-8.930665 0.962739
20.853595 0.482709
25.824944 0.517688
10.242454 0.446308
-2.833985 0.982591
6.600659 0.547548
9.957070 0.457095
-16.378235 0.748423
-11.358079 0.879973
14.064289 0.450532
19.755153 0.473283
12.149127 0.445246
-20.062805 0.726897
25.432854 0.520877
10.399765 0.457136
-5.563664 0.993407
5.376746 0.583601
-6.197340 1.003626
-27.835917 0.727844
-10.086656 0.929064
15.939675 0.466865
3.421900 0.692414
-21.486384 0.727745
-9.695842 0.934243
16.967943 0.467085
-28.984673 0.724158
15.189901 0.455159
-6.873576 0.985457
20.870756 0.483701
25.978588 0.523511
-29.219547 0.725721
22.017083 0.488250
7.447753 0.512070
2.641708 0.757681
24.807638 0.502647
16.914336 0.466316
14.332938 0.460795
25.251189 0.516404
11.585379 0.456439
12.840586 0.445090
16.504258 0.454612
-9.233440 0.956627
5.036435 0.599250
24.741839 0.513097
-21.758668 0.721596
9.589422 0.466398
9.408933 0.471567
0.829627 0.996321
4.293865 0.624682
26.923640 0.536350
28.716395 0.542961
3.416813 0.689211
2.194817 0.814084
20.568517 0.480373
2.900365 0.733297
-21.323255 0.725675
-3.379410 0.999654
-29.267611 0.735866
18.590459 0.468243
13.051446 0.454099
1.025555 0.984449
-26.716710 0.725815
3.943924 0.655106
-16.548410 0.752921
-18.804458 0.731844
16.953082 0.463547
-20.061754 0.743552
4.826016 0.612352
10.558839 0.450964
28.782764 0.547013
18.891999 0.471041
-15.848082 0.770748
20.030008 0.477425
-5.031316 0.994208
-11.261188 0.886891
-7.101420 0.995844
-8.485893 0.976772
25.139528 0.513766
15.805439 0.449772
-11.764218 0.868671
-29.187357 0.733126
-8.931394 0.953817
24.002996 0.509802
-4.178863 0.998614
6.927682 0.525105
-10.988382 0.899577
-11.274121 0.878848
24.894438 0.512153
-14.506560 0.779511
-9.615246 0.941547
4.586147 0.621300
24.175412 0.507949
-20.126614 0.726736
4.486536 0.635436
28.812889 0.546784
21.532779 0.495363
-6.123195 0.999236
24.075873 0.511319
7.813612 0.503445
-3.879242 0.995468
-29.556538 0.725119
24.450178 0.503714
-27.969118 0.726195
-9.881392 0.931936
18.917207 0.468625
29.896852 0.552224
20.941877 0.488547
8.687970 0.482781
2.720156 0.743803
17.067846 0.465189
17.113136 0.463659
27.561792 0.532074
11.470666 0.447249
8.413777 0.488011
6.162254 0.554841
-9.973724 0.935707
-23.520704 0.724832
20.145975 0.488885
-22.701100 0.730974
15.960890 0.458194
21.317290 0.494676
-21.569811 0.737559
-26.627103 0.724210
-9.623569 0.946660
-27.327141 0.738924
8.406974 0.490328
17.568374 0.466781
17.601679 0.476219
-18.339389 0.732666
-23.140640 0.729230
-12.137415 0.845940
-14.552682 0.777237
28.241936 0.542921
-15.459668 0.765156
-25.344563 0.736671
-21.808024 0.731424
21.438712 0.491619
13.913088 0.442212
12.695463 0.453374
2.121510 0.820410
-28.946305 0.720860
24.412205 0.516801
-6.411756 0.986823
12.305855 0.445136
9.586966 0.470139
-29.253005 0.725350
-25.051045 0.738195
1.978516 0.840982
23.781960 0.507416
4.418093 0.637448
-1.309174 0.917158
-5.358470 0.997018
18.451446 0.480183
13.343661 0.445421
-5.253444 1.000341
19.007885 0.472757
-27.120801 0.729492
-18.660758 0.733833
25.673316 0.520091
27.405267 0.533946
-2.381674 0.957017
25.616025 0.517906
11.609896 0.454261
-10.396087 0.923819
6.675869 0.540551
24.950868 0.510404
-29.422479 0.736589
-2.505741 0.958654
-29.039256 0.733648
-10.251768 0.924154
18.993966 0.476793
18.585288 0.475139
-24.524758 0.738122
-0.294645 0.997682
25.463491 0.518136
-5.714658 0.996051
24.199391 0.508321
-12.188429 0.846465
-3.040735 0.999084
5.942626 0.558277
-28.323584 0.732708
11.630966 0.450458
0.866989 0.984651
-15.569109 0.761690
-13.139867 0.824869
-14.454606 0.770172
28.847540 0.551944
29.930372 0.558236
-11.532744 0.878224
27.935688 0.536390
3.586130 0.678905
-10.310955 0.924225
-5.574436 1.002223
-15.257896 0.766679
11.501414 0.457590
16.008017 0.452482
26.155374 0.521906
0.590234 0.997169
3.445870 0.691112
22.541017 0.490767
-6.155820 0.989645
23.245856 0.496838
-0.002316 0.993793
5.090659 0.594113
24.403453 0.516737
17.084953 0.468896
-29.619348 0.736010
25.594953 0.519715
-14.395070 0.784428
3.314761 0.692764
9.930212 0.458944
-14.178006 0.789168
-6.351557 0.989639
13.427770 0.454883
10.613221 0.449668
14.147623 0.444145
-0.184639 0.998552
9.252225 0.465429
24.658333 0.513796
-1.595789 0.872788
-20.703295 0.729510
27.147684 0.532543
-8.111956 0.984247
10.400213 0.461660
12.854556 0.460496
-25.539140 0.733833
8.829424 0.472332
-25.157427 0.730032
1.423536 0.930902
0.739373 0.983838
-16.515361 0.748381
20.926338 0.485670
18.810570 0.471084
10.934365 0.443883
-12.159275 0.853388
-9.238672 0.958603
-1.086446 0.964208
19.070469 0.471830
-25.488212 0.719529
4.777808 0.615245
-29.889461 0.731095
-19.403388 0.736195
7.513204 0.511104
12.417631 0.444814
11.548794 0.445950
-14.331027 0.778589
25.551381 0.521887
-25.802927 0.730533
21.895889 0.485497
1.606721 0.905214
20.221617 0.480554
-17.284500 0.747295
-5.772287 0.989715
-1.710877 0.848808
0.213674 1.004124
-10.257752 0.918246
-14.378828 0.771948
27.421165 0.539921
28.056044 0.540033
5.229876 0.588700
5.951487 0.555409
7.149163 0.519128
23.730729 0.505361
14.551365 0.449240
22.592391 0.492132
-3.651656 1.004661
-28.374950 0.734235
9.723451 0.469632
3.418749 0.693312
-23.557204 0.731170
-22.561805 0.729446
-12.689286 0.830085
-5.394923 1.001427
20.000713 0.476817
18.503791 0.478827
-3.828331 0.994010
0.500050 0.998018
28.407273 0.538162
8.272636 0.500008
-1.337375 0.916251
19.578972 0.468176
5.452634 0.576348
28.344227 0.548017
-10.405387 0.913994
-0.681949 0.993673
12.871129 0.452474
5.173249 0.598117
25.406492 0.511023
20.825906 0.481348
10.264920 0.476945
14.443049 0.445724
-6.633345 0.994186
-12.551037 0.835400
12.832934 0.450404
-22.142801 0.735458
-13.422002 0.798633
-20.889084 0.732244
-21.548473 0.738304
24.666556 0.504940
-17.199546 0.748701
4.403106 0.625815
-18.438383 0.736647
-19.280951 0.737699
27.179972 0.535735
26.760314 0.523970
-8.911586 0.962470
16.419566 0.451507
-4.526982 0.998998
-3.409859 0.989308
24.930194 0.512759
21.329056 0.485666
-24.724242 0.733299
14.506203 0.459301
6.561757 0.540018
29.514624 0.546665
0.518775 1.001673
18.767328 0.469684
-12.888612 0.820118
-22.408542 0.739767
-0.430547 0.990914
4.402379 0.636587
-16.498426 0.741707
-6.699352 0.995020
-12.468713 0.829830
-14.538718 0.783145
-0.754564 1.001568
-5.924838 0.985410
-20.168808 0.737110
7.481895 0.516252
-5.992344 0.997898
3.767058 0.669202
25.027201 0.512334
-7.203310 0.982882
12.489507 0.453881
-24.955954 0.725349
13.567300 0.445139
23.721249 0.500854
-26.245874 0.739467
-27.360817 0.731671
-13.232106 0.808896
-5.216209 0.995734
-14.963674 0.759635
13.043508 0.447672
-24.306061 0.734361
-8.241120 0.977333
-5.090750 0.992422
14.963489 0.456352
-5.361327 0.993866
6.129240 0.568783
-17.942441 0.738512
-20.678029 0.737443
-18.286488 0.739717
-5.237652 0.993259
28.742833 0.548105
6.605915 0.532049
10.001938 0.470355
28.829619 0.545869
27.868444 0.541765
10.095473 0.463029
2.946393 0.713475
-12.051249 0.855162
-29.220872 0.729615
24.725882 0.512590
13.779448 0.444775
7.911013 0.503424
-4.904136 0.988941
5.313301 0.596075
-28.867951 0.724435
8.136728 0.492168
25.723078 0.508526
-3.111302 0.984398
-16.753471 0.745616
-8.721180 0.966793
-11.070371 0.896220
21.485079 0.487135
-7.020656 0.983791
-27.826623 0.725354
27.781420 0.538736
11.575095 0.454605
-22.462164 0.738658
6.674841 0.534197
13.965356 0.452345
-5.271920 0.996908
-27.707598 0.734251
-14.920879 0.768773
14.160608 0.442772
14.250840 0.451133
2.599116 0.752538
-27.694305 0.729464
-29.505596 0.728124
11.593504 0.458230
16.653303 0.461682
13.679721 0.460882
22.491484 0.494453
-0.333020 0.999410
0.919982 0.987536
0.628894 0.996040
-16.549553 0.746233
-1.441944 0.884069
-4.425302 1.004731
8.105694 0.488073
-20.305123 0.738109
26.015141 0.527558
7.810703 0.504837
-28.267151 0.727288
-17.894515 0.748060
-13.283659 0.808741
4.089527 0.656924
10.718919 0.459967
27.539829 0.526102
5.390895 0.595241
13.673573 0.444997
9.653663 0.465966
24.833219 0.518786
-23.570885 0.728969
-24.859346 0.730321
-4.754439 0.990984
16.784548 0.461944
29.748300 0.558346
-16.431859 0.758938
14.919390 0.444489
11.441742 0.448595
11.296920 0.447123
-13.892225 0.781605
7.828638 0.500051
-17.819099 0.751954
8.749026 0.488297
-0.229732 0.994206
-21.031309 0.734856
7.487852 0.506364
23.044019 0.487570
19.962952 0.473157
11.010549 0.447887
21.145145 0.496365
-5.446739 1.001819
25.530384 0.520007
-26.537449 0.716673
-10.531501 0.915803
-9.163087 0.963022
8.656715 0.481637
8.494287 0.485299
-25.932672 0.727918
-5.189480 0.995899
17.623830 0.467171
-7.671938 0.991762
-16.251341 0.752703
25.313689 0.522116
12.583482 0.450157
6.297304 0.542390
-24.311970 0.733419
-11.601343 0.865583
-3.862565 0.996983
-11.177129 0.878522
22.963018 0.509819
-13.129969 0.810481
6.517824 0.541452
4.958854 0.602674
17.426610 0.464761
28.748891 0.542928
-25.781498 0.729833
-18.045889 0.743398
11.365869 0.454956
-20.294533 0.735575
11.343337 0.447690
-8.126605 0.985915
-26.588283 0.721514
27.285182 0.537024
2.168558 0.813437
12.772692 0.445346
16.266021 0.466077
-6.180363 0.996342
-21.752729 0.732533
-17.307045 0.740726
-3.664275 0.992190
-8.970865 0.962739
21.283523 0.478869
29.863164 0.553201
-15.520054 0.755140
-21.846577 0.718827
-0.156563 0.999537
-27.679095 0.739573
-5.066760 0.996486
28.822639 0.546042
17.371400 0.465668
5.741877 0.572856
-8.464141 0.982327
16.704346 0.465655
-2.168608 0.925357
10.431662 0.457382
8.379623 0.491064
23.164064 0.497959
25.883598 0.535237
-20.526605 0.738206
-0.707851 1.004502
-5.171808 0.994039
4.441733 0.631363
-12.268496 0.837091
-14.740383 0.770888
17.840416 0.470601
1.542975 0.921366
-8.061371 0.978578
16.103957 0.460774
-16.595431 0.739299
-11.852888 0.849919
19.462226 0.477674
-10.670029 0.901114
26.687585 0.524643
-9.502214 0.936286
-22.591141 0.732665
-17.754335 0.741825
-4.737820 0.994459
-5.333958 1.002192
-27.708767 0.730684
-3.735295 0.991547
9.941494 0.464460
4.660633 0.617138
-28.720183 0.721460
-10.284552 0.932870
-12.710361 0.831770
6.279033 0.544300
25.147365 0.513271
-14.350999 0.776037
-15.026188 0.768145
-5.106568 1.004729
-17.853346 0.753301
-19.082930 0.738174
4.849013 0.611230
-28.374865 0.731672
-3.302764 0.989317
-3.192348 0.985361
27.512846 0.540899
6.254939 0.555059
-0.021676 0.989518
-13.331665 0.803579
22.745535 0.496067
10.658434 0.459842
-25.759435 0.724324
8.157095 0.493010
19.413998 0.474258
13.479239 0.447623
16.405152 0.456553
20.181907 0.477945
-8.198878 0.979320
-15.363629 0.763201
22.595694 0.500631
-16.421026 0.754639
0.938212 0.993786
-23.149826 0.733665
-2.739727 0.978381
-26.676897 0.729764
-22.971626 0.739259
18.477323 0.463391
1.217221 0.968971
-26.873415 0.724585
-20.297237 0.731225
-28.446829 0.722236
8.209447 0.490101
5.820161 0.563469
-1.243956 0.936992
-15.720940 0.757385
16.960298 0.472003
18.115540 0.462809
6.971960 0.516923
-5.228755 0.994808
-14.762682 0.769880
19.785132 0.477366
23.517762 0.505198
-17.271937 0.748108
16.717268 0.454701
-11.907500 0.859787
-15.762853 0.763897
16.887786 0.460348
-9.189830 0.963807
-13.765465 0.791375
-8.304857 0.970272
-8.412520 0.970693
4.680041 0.623995
8.637400 0.481786
17.410768 0.462843
-6.926396 0.992897
-2.354224 0.944341
28.524790 0.544449
-22.631975 0.739718
-16.703968 0.749280
-14.964809 0.773728
-5.498921 0.994876
13.557626 0.451899
