0.761587
0.715887
0.481399
0.980899
0.479184
0.716379
0.480811
0.712227
0.547272
0.821481
0.511928
0.720424
0.478548
0.488512
0.479681
0.492794
0.694271
0.913165
0.801046
0.913676
0.912676
0.724497
0.747626
0.491246
0.815189
0.484196
0.739284
0.488225
0.723528
0.759961
0.589415
0.739389
0.735427
0.75045
0.486731
0.831083
0.749121
0.478544
0.745323
0.485075
0.491542
0.757874
0.855535
0.929428
0.72121
0.484288
0.950185
0.486211
0.968859
0.587187
0.967401
0.491543
0.493135
0.742751
0.491878
0.483806
0.748429
0.491424
0.482454
0.717076
0.492316
0.974616
0.492174
0.478692
0.715653
0.487633
0.7483
0.482258
0.964888
0.978111
0.828509
0.479521
0.478493
0.489693
0.970893
0.484103
0.720512
0.491112
0.479046
0.491067
0.828574
0.489928
0.720009
0.723207
0.719607
0.478892
0.490564
0.718653
0.492136
0.670531
0.489137
0.491877
0.735195
0.732412
0.842726
0.484304
0.738167
0.932135
0.722511
0.799163
0.594097
0.853237
0.725954
0.478646
0.916484
0.980352
0.915718
0.756539
0.777669
0.486785
0.492507
0.48995
0.588165
0.491562
0.711884
0.823978
0.883092
0.980372
0.481371
0.492666
0.772295
0.762782
0.904459
0.974994
0.939924
0.968815
0.484071
0.49074
0.478574
0.945287
0.962698
0.913647
0.522411
0.479802
0.90352
0.714682
0.491609
0.77855
0.830569
0.838187
0.514486
0.490383
0.758284
0.478663
0.736814
0.493148
0.77651
0.955647
0.487316
0.489501
0.723502
0.82689
0.735595
0.804002
0.493034
0.619997
0.938896
0.926216
0.491239
0.47878
0.482235
0.481426
0.978072
0.978199
0.490873
0.484838
0.489999
0.491276
0.633179
0.491783
0.489279
0.491025
0.478558
0.970679
0.613803
0.483467
0.572386
0.90408
0.976146
0.491007
0.720019
0.926268
0.490125
0.487931
0.493142
0.662892
0.828345
0.658945
0.787451
0.489917
0.488999
0.715523
0.480516
0.487644
0.959487
0.485398
0.485149
0.809376
0.724952
0.970121
0.712776
0.512321
0.729401
0.54237
0.719866
0.650799
0.772139
0.480797
0.964027
0.490752
0.492518
0.73718
0.980898
0.960151
0.48272
0.723358
0.974784
0.715827
0.487893
0.491249
0.48948
0.923516
0.71651
0.478529
0.483143
0.916455
0.785817
0.479232
0.479964
0.74259
0.88247
0.728503
0.582798
0.908353
0.904387
0.980834
0.980141
0.492776
0.491946
0.490432
0.806173
0.480814
0.922428
0.729368
0.839807
0.854578
0.48089
0.486202
0.95952
0.895411
0.485228
0.967821
0.482882
0.479939
0.482142
0.711914
0.718094
0.712791
0.489211
0.974251
0.491381
0.730499
0.481392
0.950072
0.978645
0.489565
0.49113
0.744869
0.846683
0.722009
0.732173
0.715831
0.94311
0.716653
0.479232
0.976651
0.736003
0.481613
0.481904
0.571937
0.979719
0.739469
0.932566
0.492278
0.914986
0.486144
0.603526
0.743591
0.489942
0.482339
0.513192
0.714609
0.955863
0.777953
0.980916
0.48364
0.491608
0.960354
0.490624
0.487986
0.870535
0.860449
0.780084
0.737932
0.483879
0.770364
0.626007
0.844068
0.91058
0.734838
0.736183
0.490611
0.723282
0.980667
0.853446
0.807706
0.976653
0.906857
0.493044
0.752894
0.493017
0.48804
0.482987
0.871589
0.774653
0.784951
0.980801
0.47966
0.980228
0.493158
0.712362
0.484675
0.482582
0.953401
0.71137
0.51949
0.71384
0.500962
0.492166
0.492596
0.711518
0.729099
0.627318
0.889144
0.481725
0.783187
0.715597
0.956505
0.485468
0.721614
0.974627
0.491947
0.781477
0.491162
0.736226
0.729988
0.49214
0.481074
0.770524
0.915882
0.798904
0.491039
0.789881
0.977903
0.797439
0.488643
0.837352
0.575395
0.689105
0.977445
0.49187
0.484758
0.720617
0.977849
0.826095
0.481822
0.497574
0.724076
0.949711
0.743303
0.492839
0.492614
0.947036
0.964904
0.489484
0.724263
0.751081
0.975102
0.959886
0.704438
0.838054
0.973913
0.481706
0.49293
0.488781
0.492965
0.488001
0.481182
0.720699
0.732099
0.488423
0.756696
0.872445
0.492137
0.808409
0.491415
0.49024
0.849234
0.829443
0.980005
0.92059
0.481929
0.866158
0.478493
0.946585
0.766286
0.480201
0.847208
0.826303
0.749305
0.830599
0.873114
0.4792
0.71692
0.489672
0.971884
0.489245
0.485648
0.492388
0.492969
0.482858
0.916901
0.758748
0.480752
0.7137
0.483002
0.722827
0.976699
0.966417
0.718831
0.492588
0.490903
0.889173
0.490767
0.721192
0.730119
0.491898
0.852343
0.478939
0.742188
0.767024
0.481869
0.726689
0.717106
0.816721
0.622997
0.492654
0.904429
0.980802
0.479786
0.796238
0.980786
0.960263
0.713375
0.806719
0.490786
0.492224
0.884404
0.71168
0.761236
0.980628
0.78147
0.954346
0.934183
0.842246
0.483732
0.482047
0.808332
0.978881
0.969861
0.578373
0.480311
0.492085
0.777705
0.482519
0.71557
0.906729
0.713077
0.480965
0.978104
0.727715
0.930861
0.738386
0.481989
0.826687
0.778136
0.486005
0.717376
0.505131
0.76251
0.492627
0.714799
0.781004
0.625197
0.48029
0.491801
0.88192
0.952972
0.493005
0.492106
0.487699
0.726466
0.484658
0.712025
0.483562
0.748526
0.798496
0.488818
0.478534
0.806024
0.921094
0.720149
0.491444
0.966488
0.978009
0.480817
0.489372
0.717291
0.480233
0.743802
0.49311
0.489661
0.714308
0.480775
0.840749
0.944868
0.975828
0.720206
0.49029
0.717222
0.493191
0.553722
0.491367
0.965736
0.975284
0.485522
0.736916
0.482977
0.482951
0.716686
0.954925
0.913792
0.492544
0.942705
0.712535
0.913493
0.942779
0.844894
0.872621
0.490478
0.478494
0.883826
0.946198
0.733364
0.72374
0.976586
0.743542
0.952682
0.827683
0.729875
0.491676
0.552389
0.486873
0.493178
0.93734
0.711406
0.842987
0.48439
0.790473
0.492396
0.494508
0.747668
0.941248
0.489667
0.487846
0.491787
0.485172
0.967117
0.978235
0.488511
0.750006
0.724523
0.751761
0.899182
0.490262
0.487166
0.860321
0.712669
0.484472
0.483702
0.491834
0.721427
0.733361
0.480192
0.879469
0.491113
0.482846
0.829697
0.622245
0.781086
0.514423
0.954144
0.661226
0.491551
0.757488
0.486312
0.88319
0.920523
0.487749
0.860807
0.492293
0.614826
0.490457
0.980918
0.492939
0.82362
0.925958
0.527359
0.962631
0.561619
0.49054
0.91355
0.52465
0.738686
0.79338
0.616361
0.488918
0.491405
0.937287
0.717104
0.485479
0.490494
0.490951
0.490293
0.491683
0.907317
0.73747
0.478534
0.491716
0.830323
0.483315
0.478513
0.949943
0.915825
0.978867
0.715076
0.495303
0.729956
0.594991
0.711353
0.712655
0.940067
0.843413
0.722327
0.4805
0.943069
0.489828
0.769579
0.733499
0.490101
0.492671
0.48051
0.742352
0.868163
0.490355
0.97831
0.488739
0.597445
0.492447
0.741073
0.633826
0.620603
0.486608
0.955496
0.49157
0.492831
0.729668
0.962445
0.770386
0.486316
0.776695
0.972066
0.492036
0.73144
0.79634
0.756991
0.491552
0.481156
0.966672
0.924518
0.522031
0.488714
0.717198
0.729055
0.492236
0.720245
0.595997
0.732766
0.923242
0.71601
0.801476
0.47911
0.487292
0.549204
0.543209
0.694065
0.480057
0.970683
0.492386
0.490487
0.970767
0.980851
0.78968
0.677338
0.486417
0.949522
0.483492
0.490017
0.493064
0.976715
0.49765
0.52984
0.946785
0.886595
0.833376
0.489174
0.728047
0.734224
0.478801
0.48924
0.917477
0.972747
0.491171
0.934142
0.478561
0.780271
0.741301
0.714313
0.481552
0.578772
0.48012
0.714573
0.884471
0.478501
0.640065
0.921217
0.891274
0.491299
0.480972
0.756078
0.903613
0.478594
0.980333
0.480458
0.718688
0.645411
0.490147
0.478754
0.947605
0.492843
0.484481
0.796718
0.490292
0.639781
0.478669
0.481622
0.59188
0.491914
0.749508
0.917394
0.965161
0.478736
0.759408
0.879423
0.718751
0.976189
0.490684
0.732058
0.71646
0.484582
0.71527
0.491926
0.488745
0.96408
0.531383
0.47873
0.946646
0.482575
0.89585
0.975154
0.866554
0.734216
0.794098
0.49297
0.739678
0.798253
0.895009
0.795339
0.963042
0.734628
0.742644
0.82849
0.796993
0.926136
0.980907
0.478657
0.490351
0.714587
0.492267
0.488991
0.482503
0.735681
0.752411
0.491683
0.488988
0.780943
0.708355
0.495612
0.738002
0.492293
0.822631
0.708368
0.489987
0.490714
0.584667
0.483448
0.478698
0.970542
0.480927
0.735961
0.48131
0.533237
0.812025
0.480002
0.929505
0.553431
0.954364
0.819547
0.491221
0.490097
0.48304
0.491059
0.492661
0.825499
0.481589
0.497696
0.976335
0.857897
0.947448
0.789417
0.978625
0.715064
0.48672
0.913535
0.492935
0.73955
0.97965
0.478875
0.927699
0.910491
0.962402
0.632777
0.486484
0.482519
0.711423
0.980007
0.980892
0.491324
0.845744
0.687933
0.492919
0.491382
0.47849
0.910118
0.479097
0.980532
0.758747
0.641418
0.647892
0.934568
0.72791
0.492662
0.488775
0.481399
0.76329
0.488887
0.713116
0.70312
0.484306
0.49313
0.71469
0.892539
0.975069
0.943084
0.488597
0.717148
0.980922
0.97463
0.813623
0.486604
0.492046
0.478491
0.723459
0.724162
0.865234
0.777305
0.749769
0.72662
0.872149
0.768775
0.484776
0.722322
0.831235
0.7117
0.488551
0.762527
0.711128
0.966297
0.489269
0.948767
0.787856
0.490894
0.71867
0.483734
0.483076
0.492761
0.493052
0.576799
0.491973
0.973045
0.980627
0.490002
0.973082
0.480683
0.729931
0.484589
0.979934
0.975779
0.954887
0.481087
0.742837
0.942204
0.479486
0.722299
0.485111
0.967791
0.959376
0.486358
0.492718
0.480163
0.727666
0.493058
0.490653
0.775059
0.723733
0.713453
0.491369
0.490229
0.915478
0.47853
0.478995
0.539024
0.842267
0.490528
0.864521
0.486984
0.487224
0.798285
0.909037
0.886853
0.71975
0.837493
0.668377
0.487819
0.746657
0.97686
0.727919
0.950232
0.716982
0.868564
0.489714
0.967697
0.483495
0.803858
0.490365
0.861177
0.963119
0.921556
0.577016
0.978629
0.972377
0.711207
0.958317
0.657357
0.480995
0.480945
0.938736
0.483647
0.80906
0.732508
0.714359
0.479403
0.488396
0.488259
0.933863
0.76504
0.480162
0.937219
0.490861
0.966498
0.491592
0.502236
0.492199
0.733148
0.926103
0.478784
0.493212
0.786504
0.934772
0.478722
0.716423
0.642704
0.980281
0.489279
0.915129
0.74549
0.850614
0.905405
0.970226
0.718513
0.719306
0.737555
0.711996
0.517464
0.508845
0.733379
0.8956
0.924931
0.480936
0.482892
0.512089
0.953341
0.479632
0.486558
0.757589
0.916155
0.556431
0.819607
0.536191
0.950846
0.482451
0.4849
0.948767
0.812274
0.89606
0.716267
0.978815
0.732478
0.485277
0.962389
0.728342
0.484592
0.952735
0.895342
0.481263
0.482954
0.798214
0.478919
0.491315
0.713055
0.478614
0.716477
0.61832
0.478718
0.482812
0.48827
0.484465
0.768453
0.754868
0.835931
0.980247
0.737819
0.479187
0.700431
0.479386
0.538071
0.961431
0.713881
0.865628
0.815994
0.717031
0.751895
0.519901
0.492611
0.49798
0.559605
0.482914
0.485371
0.812956
0.728082
0.509438
0.490839
0.718499
0.861126
0.519934
0.885822
0.964772
0.518608
0.976913
0.746595
0.907415
0.905289
0.4919
0.715293
0.750886
0.492636
0.481545
0.970617
0.720732
0.492568
0.92606
0.748306
0.738564
0.712457
0.479326
0.546092
0.743205
0.478521
0.713155
0.72467
0.493198
0.487684
0.728625
0.478587
0.974817
0.491548
0.519906
0.893946
0.488274
0.947927
0.732245
0.717477
0.976071
0.484819
0.825106
0.942272
0.478726
0.841802
0.85238
0.76752
0.747065
0.486819
0.743864
0.492408
0.492568
0.47858
0.488988
0.947449
0.493161
0.624109
0.491807
0.843918
0.869767
0.596746
0.486149
0.488405
0.481349
0.971581
0.980479
0.480154
0.483014
0.482833
0.714853
0.479403
0.586811
0.478622
0.712666
0.742665
0.733284
0.493124
0.478842
0.958425
0.95794
0.50142
0.808401
0.685866
0.492603
0.479095
0.875958
0.743343
0.48689
0.904826
0.762488
0.716926
0.484484
0.975938
0.503148
0.564553
0.977331
0.980437
0.920173
0.512228
0.976029
0.479647
0.714956
0.974701
0.480729
0.865013
0.888823
0.725963
0.725616
0.77489
0.481193
0.734811
0.502608
0.719844
0.679517
0.479957
0.980892
0.728424
0.487564
0.715091
0.846224
0.727076
0.72615
0.955134
0.480272
0.942932
0.492783
0.488681
0.492765
0.488901
0.920323
0.980408
0.979751
0.713336
0.713865
0.496948
0.817423
0.973215
0.948381
0.50509
0.483048
0.626602
0.480974
0.480148
0.889298
0.721231
0.491947
0.488692
0.969644
0.494132
0.767198
0.569844
0.852914
0.576132
0.942774
0.799384
0.90041
0.493181
0.490355
0.738679
0.478511
0.724783
0.760725
0.906402
0.478531
0.844827
0.870017
0.512662
0.94703
0.490943
0.492448
0.711817
0.753582
0.961073
0.47866
0.740404
0.913093
0.491708
0.479781
0.478996
0.769835
0.492515
0.746289
0.960628
0.913505
0.481226
0.717725
0.712977
0.836215
0.481827
0.493284
0.718017
0.846382
0.725474
0.592288
0.958358
0.484146
0.739867
0.734522
0.88597
0.725877
0.492427
0.492597
0.727966
0.487956
0.723866
0.979354
0.55297
0.774378
0.487404
0.955763
0.969848
0.492825
0.977008
0.478697
0.492596
0.762398
0.730047
0.980124
0.561969
0.932053
0.777224
0.483616
0.493165
0.494297
0.48598
0.482482
0.977115
0.950531
0.952242
0.482802
0.974232
0.733797
0.733999
0.880258
0.479409
0.493149
0.976747
0.483623
0.974925
0.491826
0.490879
0.484294
0.492126
0.945772
0.507863
0.748858
0.845745
0.950078
0.980841
0.533719
0.808699
0.977392
0.800648
0.880273
0.732444
0.481857
0.481954
0.714828
0.490354
0.488651
0.969653
0.719379
0.492098
0.83869
0.727845
0.816955
0.478586
0.735424
0.490128
0.483246
0.831384
0.486404
0.492172
0.634285
0.958853
0.971966
0.480356
0.48844
0.821848
0.844311
0.874833
0.484283
0.480162
0.480531
0.721572
0.491369
0.492876
0.483916
0.481323
0.980898
0.923805
0.488754
0.906038
0.486144
0.810027
0.486849
0.963279
0.909934
0.491809
0.483306
0.912909
0.489005
0.492044
0.480589
0.977401
0.527393
0.481576
0.782209
0.868036
0.480365
0.487963
0.478537
0.745344
0.491883
0.480144
0.956806
0.575176
0.95036
0.714342
0.892422
0.483101
0.710335
0.736109
0.899592
0.484581
0.712437
0.481986
0.942621
0.48902
0.492104
0.712094
0.489941
0.507055
0.77864
0.491603
0.484506
0.480736
0.491804
0.478534
0.478958
0.483925
0.907767
0.593317
0.491571
0.734588
0.483241
0.484244
0.912464
0.641114
0.492444
0.492956
0.71077
0.816909
0.48875
0.755875
0.737055
0.974179
0.712025
0.486679
0.479153
0.901185
0.71662
0.667418
0.780012
0.755589
0.484561
0.745351
0.605711
0.47976
0.492972
0.48703
0.789394
0.488239
0.961684
0.869925
0.939795
0.920127
0.491755
0.482902
0.86011
0.71214
0.912897
0.491197
0.968606
0.518517
0.875232
0.869673
0.491643
0.809869
0.901043
0.620954
0.491289
0.74488
0.627632
0.492979
0.489571
0.951153
0.491236
0.500657
0.9708
0.711626
0.491429
0.7141
0.896215
0.487058
0.493217
0.489082
0.489745
0.771757
0.48472
0.484782
0.492644
0.478582
0.492591
0.541653
0.894516
0.72633
0.488352
0.729852
0.483132
0.489398
0.735635
0.716823
0.900893
0.715321
0.492667
0.485397
0.485441
0.759946
0.727899
0.852856
0.809112
0.492835
0.794986
0.720119
0.73432
0.489496
0.480162
0.47884
0.82296
0.712494
0.49141
0.948008
0.478598
0.483253
0.712046
0.720986
0.83452
0.491076
0.632336
0.979706
0.958741
0.486513
0.479462
0.959704
0.487161
0.715744
0.7569
0.491983
0.492597
0.979533
0.491959
0.478526
0.886607
0.525227
0.491669
0.711809
0.979013
0.712356
0.889332
0.487145
0.486673
0.722661
0.96184
0.491896
0.955336
0.491301
0.851869
0.976247
0.54993
0.713485
0.47852
0.910376
0.793383
0.833829
0.810726
0.492987
0.493224
0.864626
0.492752
0.696438
0.888217
0.956702
0.798001
0.478567
0.483201
0.492172
0.925166
0.708288
0.490312
0.950806
0.490764
0.951644
0.59027
0.491406
0.484743
0.711542
0.491951
0.811714
0.719552
0.481681
0.815367
0.948677
0.479558
0.479642
0.480478
0.958255
0.485225
0.491531
0.980777
0.740907
0.492516
0.925865
0.480143
0.47897
0.719569
0.488454
0.720667
0.87571
0.91739
0.780435
0.489068
0.486936
0.479083
0.852433
0.907676
0.977926
0.487231
0.719711
0.60868
0.711191
0.750444
0.505817
0.478655
0.478547
0.812784
0.491932
0.718853
0.489851
0.862817
0.488425
0.771103
0.954764
0.980909
0.942829
0.88922
0.811985
0.492602
0.492785
0.582721
0.54958
0.513265
0.491048
0.481048
0.490346
0.972383
0.713399
0.482578
0.710605
0.726185
0.730503
0.842271
0.958402
0.48821
0.486576
0.97116
0.929653
0.492878
0.494247
0.979866
0.487781
0.571443
0.492862
0.88643
0.971827
0.478985
0.585744
0.491871
0.488981
0.480521
0.480892
0.945478
0.844901
0.478952
0.732562
0.828662
0.739709
0.735756
0.491535
0.772082
0.633379
0.758991
0.751455
0.492527
0.492389
0.913227
0.483802
0.965904
0.973984
0.49166
0.489407
0.722008
0.480983
0.528545
0.493138
0.928734
0.486886
0.83851
0.731239
0.965822
0.633429
0.780652
0.944705
0.846475
0.809341
0.973233
0.953222
0.744575
0.506404
0.952526
0.681524
0.491704
0.938495
0.478697
0.721277
0.479723
0.491042
0.717724
0.715253
0.832129
0.960041
0.802529
0.479145
0.723405
0.923918
0.961162
0.48165
0.958714
0.542846
0.763931
0.741073
0.760463
0.959847
0.492962
0.527239
0.481404
0.492983
0.492733
0.481066
0.751814
0.854526
0.712092
0.491564
0.479988
0.499156
0.962784
0.578383
0.712613
0.495975
0.492003
0.975833
0.777433
0.91636
0.87364
0.489533
0.94081
0.714359
0.492708
0.478537
0.730979
0.525256
0.480231
0.959536
0.714581
0.8032
0.480496
0.480621
0.782363
0.714606
0.711695
0.478531
0.484138
0.479862
0.490278
0.963016
0.907364
0.923193
0.779997
0.980349
0.966711
0.496389
0.743608
0.492118
0.500703
0.71358
0.764429
0.831183
0.656201
0.479434
0.492637
0.574471
0.479854
0.482915
0.491615
0.72613
0.721578
0.964047
0.484324
0.493187
0.781511
0.481585
0.478597
0.478692
0.820292
0.50042
0.76522
0.489174
0.959763
0.738818
0.506291
0.49064
0.488173
0.478981
0.489255
0.957917
0.491924
0.717029
0.88403
0.908977
0.490046
0.491706
0.718513
0.960282
0.48547
0.932215
0.783882
0.491831
0.478758
0.536951
0.723385
0.863287
0.970918
0.871563
0.490589
0.834012
0.529871
0.597781
0.485208
0.492964
0.718909
0.762868
0.478643
0.743682
0.478658
0.925646
0.716912
0.49256
0.819086
0.478901
0.48358
0.950543
0.73462
0.770845
0.972297
0.912237
0.48937
0.49321
0.794099
0.734112
0.95729
0.714634
0.961373
0.492981
0.485134
0.558216
0.920469
0.484211
0.980272
0.480062
0.492979
0.490714
0.492067
0.742083
0.972345
0.960441
0.6307
0.850323
0.806069
0.485752
0.867386
0.926617
0.483343
0.779414
0.858382
0.487658
0.881378
0.492364
0.903059
0.730365
0.765907
0.964185
0.958967
0.714578
0.97181
0.481637
0.616094
0.712841
0.888715
0.841871
0.53757
0.491758
0.81245
0.801554
0.961022
0.76486
0.753134
0.604312
0.713399
0.974665
0.975346
0.492629
0.538395
0.952384
0.830306
0.490448
0.47955
0.718968
0.495707
0.487607
0.479618
0.483782
0.488387
0.924559
0.796412
0.490349
0.781652
0.906314
0.72786
0.977895
0.71671
0.728632
0.486544
0.889352
0.716273
0.743663
0.71328
0.495033
0.5549
0.979282
0.791194
0.484571
0.486101
0.517421
0.959928
0.805711
0.487994
0.490926
0.771247
0.484229
0.857319
0.790598
0.484469
0.908518
0.822516
0.922944
0.921277
0.614846
0.490235
0.485187
0.941976
0.979639
0.492908
0.730173
0.778049
0.802511
0.957424
0.479712
